1767712599.499845743
1767712599.529666901
1767712599.549709558
1767712599.569757462
1767712599.599431515
1767712599.619621754
1767712599.640096426
1767712599.669548273
1767712599.689668894
1767712599.709692478
1767712599.739583015
1767712599.769720316
1767712599.799548149
1767712599.819631100
1767712599.839742422
1767712599.860206604
1767712599.889969349
1767712599.910051346
1767712599.940006256
1767712599.969751120
1767712599.999147177
1767712600.019629002
1767712600.039760351
1767712600.060327053
1767712600.089720964
1767712600.109741688
1767712600.129745245
1767712600.160055637
1767712600.189221621
1767712600.209933758
1767712600.239552975
1767712600.260211706
1767712600.289696693
1767712600.310051441
1767712600.339335203
1767712600.361153841
1767712600.389746189
1767712600.409928083
1767712600.439632177
1767712600.460114241
1767712600.480181217
1767712600.509991646
1767712600.538967848
1767712600.560056686
1767712600.589560986
1767712600.609875202
1767712600.639985323
1767712600.660724640
1767712600.689658642
1767712600.709711790
1767712600.740028143
1767712600.760411263
1767712600.789614916
1767712600.810192585
1767712600.839478731
1767712600.860397339
1767712600.889159918
1767712600.909782410
1767712600.939666748
1767712600.960526466
1767712600.989677191
1767712601.009962559
1767712601.040170431
1767712601.069850922
1767712601.099104166
1767712601.120023966
1767712601.140073776
1767712601.160577297
1767712601.189337254
1767712601.209546566
1767712601.239460945
1767712601.260572195
1767712601.289353848
1767712601.309648037
1767712601.329660416
1767712601.350070715
1767712601.379450798
1767712601.400003672
1767712601.429641247
1767712601.460150957
1767712601.489068747
1767712601.509609461
1767712601.539803743
1767712601.560303688
1767712601.589771271
1767712601.619667292
1767712601.639734983
1767712601.659968615
1767712601.689949274
1767712601.719685793
1767712601.749708891
1767712601.769941092
1767712601.799782991
1767712601.820275784
1767712601.849809885
1767712601.870015144
1767712601.899702549
1767712601.929167986
1767712601.949440479
1767712601.979187012
1767712602.009670019
1767712602.039087296
1767712602.059151888
1767712602.079330921
1767712602.110215902
1767712602.139770746
1767712602.169251919
1767712602.199404716
1767712602.219672203
1767712602.249985695
1767712602.279261112
1767712602.309459448
1767712602.339349747
1767712602.359694481
1767712602.389163494
1767712602.419245481
1767712602.440664768
1767712602.470052481
1767712602.499682426
1767712602.520230293
1767712602.549518824
1767712602.570236683
1767712602.600487947
1767712602.630995512
1767712602.659329176
1767712602.679886341
1767712602.709811449
1767712602.739915609
1767712602.770557404
1767712602.799761295
1767712602.829773426
1767712602.849953651
1767712602.870280743
1767712602.899724483
1767712602.920479059
1767712602.949834347
1767712602.970146656
1767712602.999203920
1767712603.019623756
1767712603.049260378
1767712603.069484711
1767712603.099570751
1767712603.129355907
1767712603.159623384
1767712603.189307928
1767712603.219910860
1767712603.249103546
1767712603.270658970
1767712603.299623966
1767712603.320076227
1767712603.349725962
1767712603.370171785
1767712603.399617672
1767712603.420259237
1767712603.449507475
1767712603.470338583
1767712603.499383926
1767712603.520059586
1767712603.549921989
1767712603.570292950
1767712603.599682093
1767712603.623756170
1767712603.649938583
1767712603.670154572
1767712603.699823618
1767712603.730583906
1767712603.759922028
1767712603.780222893
1767712603.809809446
1767712603.830345869
1767712603.859834433
1767712603.880045652
1767712603.909107208
1767712603.929185629
1767712603.950047016
1767712603.980121136
1767712604.009814262
1767712604.030119658
1767712604.059846401
1767712604.079984426
1767712604.109336138
1767712604.130129099
1767712604.159906149
1767712604.180548906
1767712604.210098028
1767712604.239086628
1767712604.259847641
1767712604.289246321
1767712604.320086241
1767712604.349346638
1767712604.369431734
1767712604.399973392
1767712604.430100679
1767712604.459262848
1767712604.480150461
1767712604.509281158
1767712604.539115667
1767712604.560039520
1767712604.580642223
1767712604.610097885
1767712604.630801916
1767712604.659734726
1767712604.679825068
1767712604.700073719
1767712604.720147610
1767712604.749125481
1767712604.769185781
1767712604.790257215
1767712604.819394112
1767712604.849587440
1767712604.879970312
1767712604.909038782
1767712604.929933548
1767712604.959756136
1767712604.989373207
1767712605.010205507
1767712605.039710045
1767712605.059768438
1767712605.089837313
1767712605.119121552
1767712605.139387369
1767712605.159736156
1767712605.180555820
1767712605.200576067
1767712605.229915619
1767712605.260102510
1767712605.280281067
1767712605.309236288
1767712605.330544472
1767712605.359188795
1767712605.380082846
1767712605.400152683
1767712605.430726528
1767712605.459301233
1767712605.480268478
1767712605.509456635
1767712605.530398607
1767712605.559984684
1767712605.580785513
1767712605.610080004
1767712605.630202293
1767712605.659291267
1767712605.679466009
1767712605.709594727
1767712605.739418983
1767712605.769306183
1767712605.789701700
1767712605.819460154
1767712605.849333525
1767712605.869372129
1767712605.889534235
1767712605.919437885
1767712605.949340820
1767712605.979914665
1767712606.009186745
1767712606.029618025
1767712606.059245110
1767712606.079466820
1767712606.109313726
1767712606.129819632
1767712606.159412622
1767712606.179672956
1767712606.209610462
1767712606.229788542
1767712606.259290218
1767712606.280132771
1767712606.309255123
1767712606.329546452
1767712606.359595776
1767712606.379634619
1767712606.409302235
1767712606.429880857
1767712606.459365368
1767712606.479835033
1767712606.509854555
1767712606.530039310
1767712606.559684515
1767712606.590202808
1767712606.619494438
1767712606.639546871
1767712606.659970045
1767712606.680312872
1767712606.709591866
1767712606.730790854
1767712606.759318590
1767712606.779792309
1767712606.799992800
1767712606.820030928
1767712606.849891663
1767712606.879677296
1767712606.909381628
1767712606.929616690
1767712606.949709654
1767712606.969830036
1767712606.999672413
1767712607.019887447
1767712607.049670696
1767712607.079693079
1767712607.109412193
1767712607.129991293
1767712607.159524202
1767712607.179627657
1767712607.200298071
1767712607.230391979
1767712607.259500504
1767712607.289290667
1767712607.309633493
1767712607.329723835
1767712607.359541893
1767712607.389138222
1767712607.409253359
1767712607.429973125
1767712607.459523439
1767712607.479609013
1767712607.509207964
1767712607.529594660
1767712607.559364319
1767712607.579863787
1767712607.609305620
1767712607.629750729
1767712607.659278154
1767712607.680199146
1767712607.709340096
1767712607.729990721
1767712607.759736300
1767712607.789495230
1767712607.809535027
1767712607.829601526
1767712607.859277725
1767712607.879427433
1767712607.909460068
1767712607.929545879
1767712607.959340811
1767712607.979433537
1767712608.009439707
1767712608.029870749
1767712608.059309244
1767712608.089482069
1767712608.119296074
1767712608.139726162
1767712608.169378757
1767712608.199513674
1767712608.229550838
1767712608.249601603
1767712608.279243946
1767712608.299277067
1767712608.319322824
1767712608.339338541
1767712608.369174957
1767712608.389340639
1767712608.409719229
1767712608.440044403
1767712608.469550848
1767712608.489650011
1767712608.509657145
1767712608.539583683
1767712608.569389343
1767712608.589635611
1767712608.619741440
1767712608.649233818
1767712608.669315815
1767712608.689612627
1767712608.719330549
1767712608.739537477
1767712608.769333839
1767712608.789654255
1767712608.819857597
1767712608.849130630
1767712608.869310141
1767712608.890163898
1767712608.919193029
1767712608.940510273
1767712608.969885111
1767712608.999847412
1767712609.019927263
1767712609.040208578
1767712609.069884300
1767712609.099263191
1767712609.119490385
1767712609.139633894
1767712609.169159174
1767712609.189371347
1767712609.219267845
1767712609.239371538
1767712609.269309282
1767712609.289469242
1767712609.319208145
1767712609.340053797
1767712609.369158506
1767712609.389567852
1767712609.419276953
1767712609.439391136
1767712609.459810019
1767712609.490076065
1767712609.519622326
1767712609.550019979
1767712609.579291821
1767712609.599328995
1767712609.619716406
1767712609.639872074
1767712609.659999609
1767712609.690243006
1767712609.719412804
1767712609.739719629
1767712609.759862423
1767712609.789610147
1767712609.819532394
1767712609.849491358
1767712609.869730949
1767712609.899299145
1767712609.930344582
1767712609.959187508
1767712609.979398966
1767712610.009251833
1767712610.029302597
1767712610.049389839
1767712610.080133200
1767712610.109267235
1767712610.129339457
1767712610.149386883
1767712610.169484377
1767712610.189601898
1767712610.219837427
1767712610.249681473
1767712610.279559612
1767712610.309390783
1767712610.329569578
1767712610.350029469
1767712610.379510880
1767712610.400166035
1767712610.430742264
1767712610.459880114
1767712610.489563704
1767712610.509825945
1767712610.539123297
1767712610.559478760
1767712610.580194950
1767712610.609145880
1767712610.629215240
1767712610.649300337
1767712610.669318676
1767712610.690029860
1767712610.719558954
1767712610.749644279
1767712610.779592037
1767712610.799638987
1767712610.829516411
1767712610.849558830
1767712610.879698753
1767712610.909106731
1767712610.929348946
1767712610.959334373
1767712610.979446650
1767712610.999814272
1767712611.029199362
1767712611.049514294
1767712611.079510450
1767712611.099784136
1767712611.129448891
1767712611.149481535
1767712611.179128170
1767712611.210267305
1767712611.239351273
1767712611.269062042
1767712611.289348841
1767712611.319913626
1767712611.350045919
1767712611.379994392
1767712611.400437593
1767712611.429850101
1767712611.450183630
1767712611.479801178
1767712611.500546455
1767712611.529228687
1767712611.550047636
1767712611.579120874
1767712611.600262642
1767712611.629889488
1767712611.650254726
1767712611.679393291
1767712611.700501919
1767712611.730104446
1767712611.750197172
1767712611.770284891
1767712611.800935030
1767712611.829226971
1767712611.849515438
1767712611.880520105
1767712611.909355879
1767712611.939397335
1767712611.969529390
1767712611.989602089
1767712612.019414902
1767712612.039610624
1767712612.062910080
1767712612.089337111
1767712612.119429827
1767712612.139780760
1767712612.172077417
1767712612.199983835
1767712612.229330778
1767712612.249541759
1767712612.279232979
1767712612.299739599
1767712612.329500914
1767712612.349606752
1767712612.379478931
1767712612.399765491
1767712612.429503441
1767712612.449661493
1767712612.479631901
1767712612.509516954
1767712612.539800882
1767712612.559980631
1767712612.589304924
1767712612.609440327
1767712612.629583120
1767712612.649653196
1767712612.670233250
1767712612.700009584
1767712612.729469061
1767712612.749781370
1767712612.779754162
1767712612.800232410
1767712612.829733133
1767712612.859601498
1767712612.879623890
1767712612.900321245
1767712612.929586887
1767712612.959074736
1767712612.979917526
1767712612.999975681
1767712613.029654026
1767712613.049800158
1767712613.079837561
1767712613.100058317
1767712613.120065689
1767712613.149159908
1767712613.178951025
1767712613.199334383
1767712613.229223728
1767712613.249236822
1767712613.269880056
1767712613.300014496
1767712613.328973055
1767712613.349233866
1767712613.379222870
1767712613.409296036
1767712613.429981232
1767712613.460123062
1767712613.490064383
1767712613.510761261
1767712613.540043116
1767712613.560211420
1767712613.589215755
1767712613.610222578
1767712613.640012980
1767712613.660164356
1767712613.689459324
1767712613.720506430
1767712613.749274015
1767712613.770197630
1767712613.799443483
1767712613.829925060
1767712613.860220909
1767712613.889138937
1767712613.909776211
1767712613.930032730
1767712613.959167004
1767712613.979331970
1767712613.999826193
1767712614.019828558
1767712614.049175501
1767712614.070009708
1767712614.099701405
1767712614.120040655
1767712614.149241686
1767712614.180004597
1767712614.210548878
1767712614.239969015
1767712614.260614395
1767712614.289812088
1767712614.319409132
1767712614.339562178
1767712614.369212389
1767712614.390518904
1767712614.411523581
1767712614.439941883
1767712614.460733175
1767712614.489366531
1767712614.519997120
1767712614.549633026
1767712614.579557419
1767712614.599696875
1767712614.621299982
1767712614.650099993
1767712614.679623842
1767712614.709819078
1767712614.729836464
1767712614.760016441
1767712614.790099621
1767712614.819656610
1767712614.849295378
1767712614.869684935
1767712614.890212297
1767712614.919951200
1767712614.940042257
1767712614.960115910
1767712614.989235640
1767712615.009389639
1767712615.030014038
1767712615.050298691
1767712615.079914808
1767712615.110425949
1767712615.140114069
1767712615.169955730
1767712615.190138817
1767712615.219041586
1767712615.239156485
1767712615.259175777
1767712615.280218124
1767712615.309199810
1767712615.329275131
1767712615.359230995
1767712615.389697075
1767712615.410450459
1767712615.439110279
1767712615.459303617
1767712615.479414463
1767712615.509990215
1767712615.540454626
1767712615.569732904
1767712615.599704266
1767712615.629327297
1767712615.649472475
1767712615.679651737
1767712615.700691462
1767712615.729382753
1767712615.749418974
1767712615.769810200
1767712615.799379349
1767712615.819954872
1767712615.850265265
1767712615.870559216
1767712615.900303125
1767712615.920587301
1767712615.949888229
1767712615.970805168
1767712615.999607325
1767712616.020270348
1767712616.049925566
1767712616.070009470
1767712616.099359274
1767712616.120005369
1767712616.149878740
1767712616.170473337
1767712616.200133562
1767712616.220579386
1767712616.249988317
1767712616.270448208
1767712616.300368071
1767712616.329840183
1767712616.350039005
1767712616.370141745
1767712616.399932384
1767712616.420476198
1767712616.449908972
1767712616.470299721
1767712616.499363184
1767712616.520610571
1767712616.549899817
1767712616.570154667
1767712616.599552393
1767712616.621244431
1767712616.649285793
1767712616.670345068
1767712616.699894190
1767712616.720318556
1767712616.740390778
1767712616.770504236
1767712616.799752474
1767712616.821542263
1767712616.849246025
1767712616.879098892
1767712616.900112629
1767712616.930275917
1767712616.959453821
1767712616.980049133
1767712617.009598017
1767712617.029838562
1767712617.059444904
1767712617.089799166
1767712617.119227171
1767712617.149303675
1767712617.170044899
1767712617.200021505
1767712617.229050636
1767712617.249559164
1767712617.270309687
1767712617.299168110
1767712617.329061031
1767712617.349779844
1767712617.379240274
1767712617.400458574
1767712617.430134535
1767712617.460673571
1767712617.489313841
1767712617.509801865
1767712617.539495230
1767712617.559695005
1767712617.589781761
1767712617.619297028
1767712617.639460087
1767712617.660068750
1767712617.689337492
1767712617.709849119
1767712617.739373446
1767712617.769700050
1767712617.799307585
1767712617.819689035
1767712617.850053549
1767712617.879309893
1767712617.900119305
1767712617.929419518
1767712617.949845076
1767712617.979487658
1767712618.000176668
1767712618.029589653
1767712618.050158024
1767712618.079426050
1767712618.099545240
1767712618.120072126
1767712618.149624109
1767712618.171009302
1767712618.191716671
1767712618.219438791
1767712618.249118090
1767712618.269782305
1767712618.299230814
1767712618.319771767
1767712618.349558830
1767712618.369981527
1767712618.399428606
1767712618.420437574
1767712618.449574232
1767712618.479454994
1767712618.499483824
1767712618.520451069
1767712618.549700022
1767712618.569885492
1767712618.599713564
1767712618.620007753
1767712618.649210930
1767712618.670037270
1767712618.699688196
1767712618.721047401
1767712618.749618292
1767712618.771593094
1767712618.800094128
1767712618.830230951
1767712618.859859943
1767712618.880140781
1767712618.909585238
1767712618.939561605
1767712618.969632387
1767712618.999345303
1767712619.020358324
1767712619.049313068
1767712619.069528103
1767712619.099347830
1767712619.120321512
1767712619.150383711
1767712619.179361820
1767712619.209281921
1767712619.239380836
1767712619.259789705
1767712619.280602217
1767712619.308982849
1767712619.329659462
1767712619.349666834
1767712619.370832443
1767712619.399761677
1767712619.421280146
1767712619.449226141
1767712619.469847918
1767712619.499953032
1767712619.530095100
1767712619.559435129
1767712619.580333471
1767712619.609972954
1767712619.639533997
1767712619.669777393
1767712619.699792147
1767712619.729924202
1767712619.759768009
1767712619.779811144
1767712619.809038877
1767712619.830942392
1767712619.859210253
1767712619.889147758
1767712619.909492731
1767712619.938987494
1767712619.959781885
1767712619.980030060
1767712620.009730816
1767712620.039494991
1767712620.069769859
1767712620.099498749
1767712620.129271030
1767712620.149425983
1767712620.169773579
1767712620.199294806
1767712620.219819069
1767712620.249303818
1767712620.269527435
1767712620.289703846
1767712620.319697380
1767712620.349392653
1767712620.369616270
1767712620.399592638
1767712620.419947863
1767712620.449394941
1767712620.469733238
1767712620.492199183
1767712620.519304037
1767712620.549907207
1767712620.579063892
1767712620.599350452
1767712620.620123863
1767712620.649150372
1767712620.669517279
1767712620.689716816
1767712620.710254192
1767712620.739100456
1767712620.759963274
1767712620.780399799
1767712620.809467554
1767712620.830134153
1767712620.859713078
1767712620.889631033
1767712620.909686565
1767712620.929971457
1767712620.950017214
1767712620.979781628
1767712621.009171963
1767712621.038943291
1767712621.059142351
1767712621.079375744
1767712621.109371185
1767712621.138942003
1767712621.159148932
1767712621.180089474
1767712621.209538221
1767712621.230168343
1767712621.259549856
1767712621.279726982
1767712621.309637070
1767712621.339606762
1767712621.369739056
1767712621.399097681
1767712621.420506239
1767712621.449186325
1767712621.479551315
1767712621.499684334
1767712621.529651880
1767712621.566394806
1767712621.589421034
1767712621.609524250
1767712621.630010128
1767712621.660004854
1767712621.680184841
1767712621.709856033
1767712621.730271816
1767712621.759023666
1767712621.780139923
1767712621.809797287
1767712621.830281973
1767712621.859145164
1767712621.879508018
1767712621.909424782
1767712621.929476023
1767712621.949543953
1767712621.979336977
1767712622.009175062
1767712622.029312611
1767712622.049696684
1767712622.080145121
1767712622.111120224
1767712622.140027761
1767712622.169932604
1767712622.199718952
1767712622.229842663
1767712622.259066820
1767712622.281362534
1767712622.309670210
1767712622.329880476
1767712622.359906673
1767712622.380159378
1767712622.409749269
1767712622.439259768
1767712622.469668150
1767712622.499213934
1767712622.529213905
1767712622.550046682
1767712622.579262257
1767712622.609264135
1767712622.629284382
1767712622.659382105
1767712622.679407120
1767712622.709029675
1767712622.729483843
1767712622.759838820
1767712622.779986143
1767712622.809154034
1767712622.829478741
1767712622.859247446
1767712622.879788399
1767712622.909098387
1767712622.929796457
1767712622.959156513
1767712622.979722023
1767712622.999773979
1767712623.029719591
1767712623.049741030
1767712623.069773912
1767712623.099261761
1767712623.129482031
1767712623.150580883
1767712623.179823399
1767712623.209274769
1767712623.230034828
1767712623.259113550
1767712623.279856920
1767712623.309134007
1767712623.329446077
1767712623.359274387
1767712623.379633188
1767712623.409142733
1767712623.430210829
1767712623.459429264
1767712623.479778051
1767712623.509169579
1767712623.529556751
1767712623.549866199
1767712623.579811096
1767712623.609126568
1767712623.629540443
1767712623.659170151
1767712623.680097580
1767712623.709231138
1767712623.730280876
1767712623.760080338
1767712623.789252520
1767712623.820156574
1767712623.849745750
1767712623.879373074
1767712623.900591373
1767712623.929569244
1767712623.949600220
1767712623.979472876
1767712623.999588728
1767712624.029766321
1767712624.059554815
1767712624.079612017
1767712624.099773169
1767712624.129698753
1767712624.159624815
1767712624.179748058
1767712624.209681273
1767712624.239823580
1767712624.269594431
1767712624.299737215
1767712624.329352379
1767712624.349503517
1767712624.380080462
1767712624.409315348
1767712624.429454565
1767712624.459349394
1767712624.479495287
1767712624.509943962
1767712624.529982805
1767712624.559988022
1767712624.589532137
1767712624.609558344
1767712624.630115986
1767712624.659376860
1767712624.679436922
1767712624.709429026
1767712624.739478350
1767712624.769242287
1767712624.789432764
1767712624.809533596
1767712624.829572201
1767712624.850967407
1767712624.879414082
1767712624.899756670
1767712624.929999113
1767712624.959579945
1767712624.989786386
1767712625.019649029
1767712625.049253702
1767712625.069768429
1767712625.099424124
1767712625.129398823
1767712625.149504185
1767712625.169748545
1767712625.199562073
1767712625.229328156
1767712625.249497175
1767712625.270171165
1767712625.299817085
1767712625.329370737
1767712625.349791765
1767712625.379212379
1767712625.399316072
1767712625.419336081
1767712625.440266848
1767712625.469465733
1767712625.490267992
1767712625.519292116
1767712625.540361404
1767712625.569859743
1767712625.590325117
1767712625.619108438
1767712625.639518261
1767712625.669811487
1767712625.690237761
1767712625.720207691
1767712625.749755621
1767712625.769882202
1767712625.790628910
1767712625.819711924
1767712625.839834690
1767712625.860452414
1767712625.890542030
1767712625.919933081
1767712625.940479279
1767712625.969742775
1767712625.989867926
1767712626.009905338
1767712626.030107260
1767712626.059408188
1767712626.079748392
1767712626.109392405
1767712626.129605055
1767712626.150031328
1767712626.180168867
1767712626.209960699
1767712626.240051985
1767712626.269248962
1767712626.289729834
1767712626.319552898
1767712626.340575218
1767712626.369826794
1767712626.390640736
1767712626.419030666
1767712626.439910173
1767712626.469782114
1767712626.489801168
1767712626.519738913
1767712626.540209055
1767712626.569839716
1767712626.590125799
1767712626.619073391
1767712626.640193462
1767712626.669320583
1767712626.700177431
1767712626.729388952
1767712626.749937534
1767712626.779366493
1767712626.799374104
1767712626.819451571
1767712626.841907024
1767712626.869612694
1767712626.890356064
1767712626.919567823
1767712626.940506697
1767712626.969609261
1767712626.990248203
1767712627.019410849
1767712627.039660454
1767712627.069462538
1767712627.089752436
1767712627.119217634
1767712627.140247583
1767712627.169131041
1767712627.198993921
1767712627.219789028
1767712627.239918470
1767712627.269712448
1767712627.289772749
1767712627.310342312
1767712627.340160131
1767712627.370121956
1767712627.399796009
1767712627.429809093
1767712627.459733248
1767712627.490007162
1767712627.519821167
1767712627.549863100
1767712627.579281092
1767712627.599807978
1767712627.629299164
1767712627.649403334
1767712627.679406404
1767712627.709407806
1767712627.740575075
1767712627.769728422
1767712627.790370941
1767712627.819340944
1767712627.839513302
1767712627.869528294
1767712627.889566660
1767712627.919867754
1767712627.940738201
1767712627.970039368
1767712627.990203381
1767712628.019549608
1767712628.039624929
1767712628.059716463
1767712628.090575933
1767712628.119485617
1767712628.139731169
1767712628.169409752
1767712628.189748049
1767712628.209838390
1767712628.239466429
1767712628.259497881
1767712628.279551506
1767712628.310526848
1767712628.339995623
1767712628.369255066
1767712628.389880180
1767712628.419497967
1767712628.439872503
1767712628.469372749
1767712628.499711275
1767712628.530407906
1767712628.559643269
1767712628.589509726
1767712628.609516382
1767712628.640241861
1767712628.669766188
1767712628.699482203
1767712628.729453564
1767712628.759113073
1767712628.779407263
1767712628.809113503
1767712628.829359055
1767712628.859149933
1767712628.879193544
1767712628.909171581
1767712628.929345608
1767712628.950602770
1767712628.980094194
1767712629.000437021
1767712629.029237270
1767712629.049432516
1767712629.070124388
1767712629.090352058
1767712629.119539738
1767712629.139919043
1767712629.169027567
1767712629.189125538
1767712629.219194651
1767712629.239345312
1767712629.269052267
1767712629.289758682
1767712629.309912682
1767712629.340094090
1767712629.369789124
1767712629.389902353
1767712629.410100460
1767712629.440733433
1767712629.469977856
1767712629.500198364
1767712629.529065609
1767712629.549238682
1767712629.579221964
1767712629.599686623
1767712629.629107952
1767712629.649244785
1767712629.669317484
1767712629.699355125
1767712629.719875574
1767712629.749949217
1767712629.779449224
1767712629.800652266
1767712629.829383612
1767712629.850332975
1767712629.879967451
1767712629.900195122
1767712629.929848671
1767712629.950608015
1767712629.979726315
1767712630.000153780
1767712630.029942513
1767712630.050106764
1767712630.079281092
1767712630.100138664
1767712630.129329920
1767712630.150002241
1767712630.170272589
1767712630.199876070
1767712630.220161438
1767712630.249701023
1767712630.270229816
1767712630.300038099
1767712630.329111576
1767712630.349687815
1767712630.370308161
1767712630.399729252
1767712630.420122147
1767712630.440356493
1767712630.470425606
1767712630.500274658
1767712630.530217409
1767712630.559260130
1767712630.580167770
1767712630.601443529
1767712630.630272865
1767712630.660181761
1767712630.690223217
1767712630.719961166
1767712630.740679979
1767712630.769591093
1767712630.790061235
1767712630.810185671
1767712630.839125633
1767712630.859975338
1767712630.880112171
1767712630.910153151
1767712630.939898252
1767712630.960391521
1767712630.989968777
1767712631.010514021
1767712631.030515194
1767712631.060755253
1767712631.089187384
1767712631.110692501
1767712631.139169455
1767712631.159839153
1767712631.190703630
1767712631.219759941
1767712631.240035534
1767712631.261032820
1767712631.290580750
1767712631.320023298
1767712631.349193573
1767712631.369795322
1767712631.390593529
1767712631.410629988
1767712631.439709902
1767712631.460245132
1767712631.489490032
1767712631.510478735
1767712631.539982319
1767712631.560380459
1767712631.589092016
1767712631.610464811
1767712631.639254570
1767712631.660376072
1767712631.689536095
1767712631.710811377
1767712631.740017653
1767712631.769469023
1767712631.789630651
1767712631.810630083
1767712631.839494228
1767712631.859690666
1767712631.889651299
1767712631.909822941
1767712631.939428329
1767712631.960295439
1767712631.989867687
1767712632.020182133
1767712632.049129248
1767712632.069690704
1767712632.089952707
1767712632.110356569
1767712632.139977694
1767712632.160104990
1767712632.189249754
1767712632.209998369
1767712632.240106821
1767712632.260123014
1767712632.289315224
1767712632.310095787
1767712632.339524508
1767712632.359856129
1767712632.380210400
1767712632.410233974
1767712632.439754725
1767712632.460129261
1767712632.489415646
1767712632.510185719
1767712632.539574385
1767712632.560719013
1767712632.589794159
1767712632.620040894
1767712632.649290800
1767712632.679101944
1767712632.699298859
1767712632.719902515
1767712632.740257263
1767712632.760426044
1767712632.789584160
1767712632.819008350
1767712632.839306831
1767712632.869049072
1767712632.889945507
1767712632.910637856
1767712632.939405918
1767712632.960289955
1767712632.989876270
1767712633.010140419
1767712633.039410830
1767712633.060744524
1767712633.089565992
1767712633.110190153
1767712633.139350891
1767712633.169095278
1767712633.189130068
1767712633.209791183
1767712633.238953590
1767712633.259404421
1767712633.289812088
1767712633.319693565
1767712633.350215197
1767712633.379758596
1767712633.399935484
1767712633.420067072
1767712633.450058937
1767712633.479944229
1767712633.509697437
1767712633.539530516
1767712633.559760809
1767712633.580266714
1767712633.609604836
1767712633.639321566
1767712633.659755707
1767712633.689613581
1767712633.719371080
1767712633.739526272
1767712633.759909391
1767712633.789421082
1767712633.809606314
1767712633.829732895
1767712633.859536409
1767712633.889164925
1767712633.909528494
1767712633.939121485
1767712633.959557533
1767712633.979741573
1767712634.009533167
1767712634.029633284
1767712634.060101032
1767712634.089645386
1767712634.109785795
1767712634.129822254
1767712634.160457611
1767712634.189255476
1767712634.209439993
1767712634.239132166
1767712634.259694576
1767712634.289371252
1767712634.309478998
1767712634.329603434
1767712634.359844685
1767712634.380193710
1767712634.409786463
1767712634.430078983
1767712634.460205317
1767712634.489933014
1767712634.509950876
1767712634.539943457
1767712634.570136309
1767712634.599825144
1767712634.620426178
1767712634.649945021
1767712634.670088530
1767712634.699740410
